87,5
87,4
87,3
87,2
87,1
87,0
79,6
79,2
79,1
79,0
77,5
77,4
77,3
77,2
77,1
77,0
74,1
73,8
73,7
73,6
73,5
73,4
73,3
73,2
73,1
73,0
63,5
63,4
63,3
63,2
63,1
63,0
55,26
55,25
55,24
55,23
55,22
55,21
55,20
55,19
55,16
55,6
55,5
55,4
55,3
55,2
55,1
55,0
37,7
37,6
37,5
37,4
37,3
37,2
37,1
37,0
20,4
20,3
20,2
20,1
20,0
7,3
0,9
1,45
3,44
2,44
1,44
3,43
2,43
1,43
3,42
2,42
1,42
3,41
2,41
1,41
3,40
2,40
1,40
3,39
2,39
1,39
3,38
2,38
1,38
3,37
2,37
1,37
3,36
2,36
1,36
3,35
2,35
1,35
3,34
2,32
3,30
3,28
3,27
3,26
3,25
3,24
3,23
3,22
3,21
3,20
3,19
3,18
3,17
1,17
2,16
3,15
2,14
3,13
1,13
2,12
3,11
1,11
2,10
3,9
1,9
2,8
3,7
1,7
3,5
2,5
1,5
3,4
2,4
1,4
3,3
2,3
1,3
0,6
0,47
0,46
0,49
0,48
0,45
0,12
0,10
0,8
0,11
79,5
79,4
79,3
74,4
74,3
74,2
74,0
5,3
4,3
3,33
3,32
3,31
3,29
3,16
3,14
3,12
3,10
3,8
3,6
3,2
3,0
2,34
2,33
2,31
2,30
2,29
2,28
2,27
2,26
2,25
2,24
2,23
2,22
2,21
2,20
2,19
2,18
2,17
2,15
2,13
2,11
2,9
2,7
2,6
2,2
2,0
1,34
1,33
1,32
1,31
1,30
1,29
1,28
1,27
1,26
1,25
1,24
1,23
1,22
1,21
1,20
1,19
1,18
1,16
1,15
1,14
1,12
1,10
1,8
1,6
1,2
1,0
0,5
0,7
0,4
0,3
